# oST version 5.0 parameters


[image]

width
640

height
480

[center]

camera matrix
634.487396 0.000000 324.199724
0.000000 630.274149 237.323744
0.000000 0.000000 1.000000

distortion
0.181809 -0.343414 -0.001825 -0.002374 0.000000

rectification
1.000000 0.000000 0.000000
0.000000 1.000000 0.000000
0.000000 0.000000 1.000000

projection
649.172974 0.000000 322.561664 0.000000
0.000000 645.134644 236.185340 0.000000
0.000000 0.000000 1.000000 0.000000
