# oST version 5.0 parameters


[image]

width
480

height
640

[center]

camera matrix
372.368930 0.000000 241.485629
0.000000 372.308444 301.655886
0.000000 0.000000 1.000000

distortion
-0.269761 0.052257 0.000382 -0.002985 0.000000

rectification
1.000000 0.000000 0.000000
0.000000 1.000000 0.000000
0.000000 0.000000 1.000000

projection
321.832703 0.000000 239.012424 0.000000
0.000000 269.907715 286.770319 0.000000
0.000000 0.000000 1.000000 0.000000
