# oST version 5.0 parameters


[image]

width
480

height
640

[right]

camera matrix
386.935099 0.000000 246.350169
0.000000 385.430402 333.233736
0.000000 0.000000 1.000000

distortion
-0.280917 0.057194 -0.002477 -0.001928 0.000000

rectification
1.000000 0.000000 0.000000
0.000000 1.000000 0.000000
0.000000 0.000000 1.000000

projection
336.946594 0.000000 246.516310 0.000000
0.000000 284.495361 337.455245 0.000000
0.000000 0.000000 1.000000 0.000000
