# oST version 5.0 parameters


[image]

width
480

height
640

[left]

camera matrix
382.756953 0.000000 223.129434
0.000000 381.914705 313.379345
0.000000 0.000000 1.000000

distortion
-0.286347 0.061757 -0.001370 0.000561 0.000000

rectification
1.000000 0.000000 0.000000
0.000000 1.000000 0.000000
0.000000 0.000000 1.000000

projection
330.050720 0.000000 217.034129 0.000000
0.000000 279.063416 304.297995 0.000000
0.000000 0.000000 1.000000 0.000000
